0 0.48227586206896556 0.09626436781609195 0.14706896551724138 0.17833333333333334
0 0.48824137931034484 0.26770114942528733 0.14575862068965517 0.16764367816091955
0 0.48800000000000004 0.431264367816092 0.15051724137931033 0.15867816091954023
0 0.486 0.5903448275862069 0.15448275862068964 0.15862068965517243
0 0.48824137931034484 0.7477011494252873 0.14575862068965517 0.155
0 0.49331034482758623 0.899080459770115 0.15051724137931033 0.13499999999999998
0 0.6381034482758621 0.11126436781609195 0.14306896551724138 0.1553448275862069
0 0.6391724137931035 0.2708045977011494 0.14520689655172414 0.165
0 0.6403793103448276 0.4394252873563218 0.14493103448275862 0.1529310344827586
0 0.6375862068965518 0.595632183908046 0.142 0.15155172413793103
0 0.636 0.7521264367816092 0.13882758620689656 0.14614942528735633
0 0.6390344827586206 0.8999425287356322 0.13696551724137931 0.1367816091954023