0 0.42772000000000004 0.4761386138613862 0.13472 0.06930693069306931
0 0.43536 0.5488118811881189 0.11364 0.0750990099009901
0 0.32792 0.5420792079207921 0.09876 0.07059405940594059
0 0.21975999999999998 0.5366336633663367 0.11148000000000001 0.07782178217821782
0 0.22028 0.6000990099009901 0.10168 0.06965346534653466
0 0.323 0.607970297029703 0.09984 0.07193069306930693
0 0.3803636030717329 0.585508552571871 0.4849114119225576 0.5863553442279392 0.5081802535379571 0.5719626380659096 0.500908733598483 0.6115422540228761 0.47618549923151726 0.6511218013506604 0.3743842200788782 0.6547199607338722
0 0.4730908757990056 0.657515753291943 0.5110888171319116 0.6025468898794375 0.5110888171319115 0.6727106890207496 0.4805484555770375 0.7248838285043661 0.3772928946274213 0.7176875097379423 0.3802014582213755 0.6565190747400691
0 0.3821817848899148 0.7227722789445082 0.3816557400183526 0.7860522635022393 0.4849114119225574 0.7878513775084363 0.5198146188683624 0.7194866237441392 0.5125430989288884 0.6673136215188865 0.4805484555770374 0.7266828738813811
0 0.22447999999999999 0.6761386138613862 0.09912 0.06871287128712872
0 0.22340000000000002 0.7443069306930693 0.1042 0.06554455445544555
0 0.32883999999999997 0.7420297029702969 0.09692 0.07004950495049506